# Marker IDs can be arbitrary strings.
# Marker ID,	Time (in s)
1,	1.0761
1,	3.0519
3,	3.2773
1,	5.0519
1,	7.0519
1,	9.0519
4,	9.8830
1,	11.0519
1,	13.0519
3,	13.4775
1,	15.0519
2,	17.0519
1,	19.0519
4,	19.3565
1,	21.0519
1,	23.0519
3,	24.2752
1,	25.0519
1,	27.0519
1,	29.0519
4,	30.7661
1,	31.0519
1,	33.0519
3,	33.5004
1,	35.0519
2,	37.0519
4,	37.3510
1,	39.0519
1,	41.0510
3,	42.2936
1,	43.0519
1,	45.0519
1,	47.0519
4,	48.5671
1,	49.0519
1,	51.0519
1,	53.0519
3,	53.4252
1,	55.0517
1,	57.0517
4,	57.7894
1,	59.0517
1,	61.0517
3,	61.7436
1,	63.0517
1,	65.0517
1,	67.0517
4,	67.7806
1,	69.0517
1,	71.0517
1,	73.0517
3,	73.5769
1,	75.0517
1,	77.0517
1,	79.0517
1,	81.0485
4,	82.4135
1,	83.0485
1,	85.0485
1,	87.0485
3,	87.3946
1,	89.0485
1,	91.0485
1,	93.0485
1,	95.0485
4,	96.5172
1,	97.0485
2,	99.0485
1,	101.0485
3,	101.2450
1,	103.0485
1,	105.0485
4,	105.5273
1,	107.0285
1,	109.0273
1,	111.0273
3,	111.2078
1,	113.0273
1,	115.0266
4,	116.6892
1,	117.0273
1,	119.0273
3,	119.0968
1,	121.0269
1,	123.0273
1,	125.0273
4,	125.0798
1,	127.0273
1,	129.0273
3,	129.1540
1,	131.0273
1,	133.0273
1,	135.0273
1,	137.0273
4,	137.0446
1,	139.0273
3,	139.8082
1,	141.0268
4,	143.0257
1,	143.0273
1,	145.0273
3,	146.6579
2,	147.0273
1,	149.0273
2,	151.0273
1,	153.0273
4,	153.7879
1,	155.0273
3,	156.8934
1,	157.0273
1,	159.0273
1,	161.0273
1,	163.0273
1,	165.0273
4,	165.0426
1,	167.0273
1,	169.0273
1,	171.0273
2,	173.0273
3,	173.9609
1,	175.0273
1,	177.0273
1,	179.0273
4,	180.8947
1,	181.0273
1,	183.0273
3,	183.9693
1,	185.0266
1,	187.0271
1,	189.0271
2,	191.0271
4,	192.8449
1,	193.0271
1,	195.0271
1,	197.0271
3,	198.0085
1,	199.0271
2,	201.0271
1,	203.0271
1,	205.0271
1,	207.0271
4,	208.4966
1,	209.0271
1,	211.0271
