# Marker IDs can be arbitrary strings.
# Marker ID,	Time (in s)
1,	1.7443
1,	3.7443
1,	5.7443
3,	7.7199
1,	7.7443
1,	9.7438
1,	11.7439
1,	13.7443
1,	15.7443
1,	17.6937
1,	19.6937
4,	20.3162
1,	21.6937
1,	23.6937
1,	25.6937
1,	27.6937
1,	29.6937
2,	31.6937
1,	33.6937
3,	34.0962
1,	35.6937
2,	37.6937
1,	39.6937
1,	41.6937
1,	43.6937
1,	45.6937
1,	47.6937
1,	49.6937
1,	51.6937
1,	53.6937
4,	54.8608
1,	55.6937
1,	57.6937
1,	59.6937
1,	61.6727
2,	63.6727
1,	65.6727
1,	67.6727
1,	69.6727
1,	71.6727
1,	73.6727
3,	74.1567
2,	75.6727
1,	77.6498
1,	79.6498
1,	81.6498
1,	83.6498
2,	85.6329
1,	87.6329
1,	89.6329
4,	90.1288
1,	91.6329
1,	93.6329
1,	95.6329
1,	97.6329
1,	99.6329
1,	101.6329
1,	103.6329
1,	105.6329
1,	107.6329
1,	109.6329
1,	111.6329
1,	113.6329
1,	115.6329
3,	116.7168
1,	117.6329
1,	119.6329
2,	121.6320
1,	123.6329
1,	125.6329
1,	127.6329
1,	129.6329
1,	131.6329
1,	133.6329
1,	135.6329
1,	137.6329
1,	139.6321
4,	140.3099
1,	141.5515
2,	143.5515
1,	145.5509
1,	147.5509
1,	149.5509
1,	151.5509
1,	153.5509
1,	155.5509
1,	157.5509
2,	159.5509
1,	161.5509
3,	162.4964
1,	163.5504
1,	165.5485
1,	167.5493
1,	169.5493
1,	171.5493
1,	173.5493
1,	175.5493
1,	177.5493
1,	179.5493
1,	181.5493
2,	183.5493
2,	185.5493
1,	187.5493
1,	189.5493
1,	191.5493
4,	191.6623
1,	193.5493
1,	195.5493
1,	197.5493
1,	199.5395
1,	201.5395
1,	203.5395
1,	205.5395
1,	207.5395
2,	209.5395
3,	210.4430
1,	211.5395
1,	213.5391
1,	215.5395
1,	217.5395
1,	219.5395
1,	221.5395
4,	221.7151
1,	223.5395
1,	225.5395
1,	227.5391
1,	229.5387
1,	231.5395
1,	233.5395
1,	235.5395
1,	237.5395
1,	239.5395
3,	240.6819
1,	241.5395
1,	243.5395
1,	245.5395
1,	247.5395
1,	249.5391
1,	251.5395
2,	253.5395
1,	255.5395
1,	257.5395
1,	259.5109
1,	261.5109
1,	263.5109
4,	264.0899
1,	265.5078
1,	267.5078
1,	269.5078
1,	271.5078
1,	273.5078
3,	274.9656
1,	275.5078
1,	277.5078
1,	279.5078
1,	281.5078
1,	283.5069
1,	285.5078
4,	285.6977
2,	287.5078
1,	289.5078
1,	291.5078
1,	293.5078
1,	295.5078
3,	297.3296
1,	297.5078
1,	299.5078
2,	301.5078
1,	303.5078
1,	305.5078
2,	307.5078
1,	309.5078
4,	311.1133
1,	311.5078
1,	313.5078
1,	315.5078
1,	317.5078
1,	319.5019
3,	321.3885
1,	321.5018
1,	323.5018
1,	325.5018
1,	327.5010
1,	329.5018
1,	331.5018
1,	333.5018
4,	335.1726
1,	335.5018
1,	337.5018
1,	339.5018
1,	341.5018
1,	343.5018
2,	345.5018
1,	347.5018
1,	349.5018
1,	351.5018
1,	353.5018
3,	355.0153
1,	355.5018
2,	357.5018
1,	359.5009
1,	361.5018
1,	363.5018
1,	365.5018
4,	366.6016
1,	367.5018
2,	369.5018
1,	371.5018
1,	373.5018
1,	375.5018
1,	377.5018
1,	379.5018
1,	381.4938
3,	382.1340
1,	383.4938
1,	385.4938
1,	387.4938
1,	389.4938
1,	391.4938
2,	393.4930
1,	395.4938
4,	396.0700
1,	397.4938
1,	399.4936
2,	401.4936
1,	403.4936
1,	405.4936
3,	407.4475
1,	407.4936
2,	409.4936
1,	411.4936
1,	413.4936
1,	415.4936
1,	417.4936
4,	418.3716
1,	419.4936
1,	421.4936
1,	423.4936
1,	425.4936
3,	427.0239
1,	427.4936
1,	429.4936
1,	431.4936
1,	433.4933
1,	435.4936
4,	436.7219
1,	437.4936
1,	439.4936
1,	441.4913
1,	443.4913
1,	445.4913
2,	447.4913
1,	449.4913
1,	451.4913
3,	452.3404
1,	453.4913
1,	455.4913
1,	457.4913
1,	459.4913
1,	461.4913
1,	463.4913
1,	465.4913
4,	467.3181
1,	467.4913
1,	469.4913
1,	471.4913
1,	473.4913
1,	475.4913
2,	477.4913
1,	479.4913
1,	481.4792
3,	482.9704
1,	483.4792
1,	485.4788
1,	487.4792
1,	489.4785
1,	491.4792
1,	493.4792
1,	495.4792
4,	496.0570
1,	497.4792
1,	499.4792
1,	501.4792
1,	503.4637
1,	505.4634
1,	507.4637
3,	508.2315
1,	509.4637
1,	511.4637
1,	513.4637
1,	515.4637
1,	517.4637
4,	518.7929
1,	519.4637
1,	521.4637
1,	523.4637
1,	525.4637
1,	527.4630
1,	529.4637
2,	531.4637
2,	533.4637
1,	535.4637
3,	536.1504
1,	537.4637
1,	539.4637
1,	541.4637
1,	543.4636
1,	545.4636
4,	546.5498
1,	547.4636
1,	549.4636
1,	551.4636
1,	553.4636
1,	555.4636
2,	557.4634
2,	559.4634
1,	561.4634
1,	563.4353
1,	565.4353
3,	565.5069
1,	567.4353
1,	569.4353
1,	571.4353
1,	573.4353
1,	575.4353
1,	577.4353
4,	578.8788
1,	579.4353
1,	581.4353
2,	583.4353
1,	585.4353
2,	587.4353
1,	589.4353
1,	591.4353
3,	593.3790
1,	593.4353
1,	595.4353
1,	597.4353
1,	599.4353
1,	601.4353
4,	603.0498
1,	603.4353
1,	605.4353
1,	607.4353
1,	609.4353
1,	611.4353
1,	613.4353
1,	615.4353
1,	617.4353
2,	619.4353
3,	619.5156
1,	621.3595
1,	623.3432
1,	625.3432
1,	627.3428
1,	629.3432
4,	630.8938
1,	631.3432
2,	633.3432
1,	635.3432
1,	637.3432
1,	639.3432
2,	641.3424
1,	643.3432
1,	645.3432
3,	645.3664
1,	647.3432
1,	649.3432
1,	651.3432
1,	653.3432
1,	655.3432
1,	657.3428
4,	659.2206
1,	659.3432
1,	661.3432
1,	663.3425
1,	665.3432
2,	667.3423
1,	669.3432
1,	671.3432
3,	672.2312
1,	673.3432
1,	675.3432
1,	677.3432
1,	679.3432
1,	681.3432
1,	683.3432
1,	685.3323
4,	685.7089
1,	687.3220
1,	689.3220
1,	691.3220
1,	693.3220
1,	695.3220
1,	697.3220
1,	699.3220
1,	701.3220
3,	702.0533
1,	703.3220
1,	705.3220
2,	707.3220
1,	709.3220
1,	711.3220
2,	713.3220
4,	713.6965
1,	715.3220
1,	717.3220
1,	719.3220
1,	721.3220
1,	723.3220
1,	725.3220
3,	725.9882
1,	727.3220
1,	729.3220
1,	731.3220
1,	733.3220
2,	735.3220
1,	737.3220
4,	737.5370
1,	739.3220
1,	741.3215
1,	743.3220
1,	745.2772
1,	747.2772
1,	749.2772
1,	751.2772
3,	752.3076
1,	753.2771
1,	755.2770
1,	757.2770
1,	759.2770
1,	761.2770
1,	763.2770
1,	765.2485
1,	767.2339
1,	769.2339
1,	771.2339
4,	771.7801
1,	773.2339
2,	775.2339
1,	777.1320
1,	779.1320
1,	781.1320
1,	783.1320
3,	784.1316
1,	785.1320
1,	787.1320
1,	789.1320
1,	791.1320
1,	793.1320
1,	795.1320
1,	797.1320
1,	799.1320
1,	801.1320
1,	803.1320
4,	803.5133
1,	805.1282
1,	807.1282
1,	809.1282
1,	811.1282
1,	813.1282
3,	814.5186
1,	815.1282
1,	817.1282
1,	819.1282
1,	821.1282
2,	823.1282
1,	825.1282
2,	827.1282
1,	829.1282
4,	831.0260
1,	831.1282
1,	833.1282
2,	835.1282
1,	837.1282
1,	839.1282
3,	840.9565
1,	841.1282
1,	843.1282
1,	845.1282
1,	847.1282
1,	849.1282
1,	851.1282
4,	852.2913
1,	853.1282
1,	855.1282
1,	857.1282
1,	859.1282
1,	861.1282
1,	863.1282
3,	864.6661
1,	865.1282
1,	867.1125
1,	869.1125
1,	871.1125
1,	873.1125
1,	875.1125
1,	877.1125
4,	878.9287
1,	879.1125
1,	881.1125
1,	883.1125
1,	885.1116
1,	887.1125
3,	888.2612
1,	889.1125
2,	891.1125
1,	893.1125
2,	895.1125
1,	897.1125
1,	899.1125
4,	900.1900
1,	901.1125
1,	903.1125
1,	905.1125
2,	907.1125
1,	909.1125
3,	909.4669
2,	911.1125
1,	913.1125
1,	915.1125
1,	917.1046
1,	919.1046
1,	921.1046
1,	923.0991
4,	924.5676
1,	925.0994
1,	927.0717
1,	929.0717
2,	931.0717
1,	933.0717
1,	935.0717
3,	936.7974
1,	937.0715
1,	939.0715
1,	941.0715
1,	943.0715
1,	945.0715
1,	947.0715
1,	949.0715
1,	951.0715
4,	952.8566
1,	953.0715
1,	955.0715
1,	957.0715
1,	959.0715
1,	961.0715
1,	963.0715
3,	964.7801
2,	965.0715
1,	967.0715
1,	969.0585
1,	971.0585
1,	973.0585
2,	975.0585
1,	977.0585
1,	979.0585
4,	979.6937
1,	981.0585
1,	983.0585
1,	985.0585
2,	987.0356
3,	988.2070
1,	989.0342
1,	991.0341
1,	993.0341
1,	995.0341
1,	997.0341
4,	997.2479
1,	999.0341
1,	1001.0341
1,	1003.0341
1,	1005.0341
3,	1007.0035
1,	1007.0341
1,	1009.0341
1,	1011.0341
1,	1013.0341
1,	1015.0341
1,	1017.0341
1,	1019.0341
1,	1021.0341
4,	1022.5280
1,	1023.0341
1,	1025.0341
1,	1027.0341
1,	1029.0341
1,	1031.0341
3,	1031.4365
1,	1033.0341
2,	1035.0341
2,	1037.0341
1,	1039.0086
2,	1041.0086
1,	1043.0077
1,	1045.0077
1,	1047.0077
1,	1048.9823
4,	1050.0941
1,	1050.9823
1,	1052.9823
1,	1054.9823
1,	1056.9823
1,	1058.9823
2,	1060.9823
1,	1062.9823
1,	1064.9814
3,	1065.9384
1,	1066.9823
1,	1068.9823
1,	1070.9823
1,	1072.9823
1,	1074.9823
1,	1076.9823
4,	1077.3028
1,	1078.9823
1,	1080.9823
1,	1082.9823
1,	1084.9823
1,	1086.9823
1,	1088.9823
1,	1090.9823
1,	1092.9823
1,	1094.9823
3,	1095.4008
1,	1096.9823
1,	1098.9645
1,	1100.9645
1,	1102.9645
1,	1104.9645
1,	1106.9645
4,	1108.1384
1,	1108.9195
1,	1110.9195
1,	1112.9195
1,	1114.9195
1,	1116.9195
1,	1118.9188
3,	1120.8896
1,	1120.9189
1,	1122.9195
1,	1124.9195
1,	1126.9195
1,	1128.9195
1,	1130.9195
1,	1132.9186
1,	1134.9195
4,	1136.6945
1,	1136.9195
1,	1138.9195
1,	1140.9194
1,	1142.9194
1,	1144.9194
1,	1146.9193
1,	1148.9183
3,	1149.6910
1,	1150.9192
1,	1152.9192
1,	1154.9192
1,	1156.9192
1,	1158.9192
1,	1160.9192
1,	1162.9192
1,	1164.9192
1,	1166.9192
4,	1168.1757
1,	1168.9069
1,	1170.9069
1,	1172.9069
1,	1174.9069
1,	1176.9069
1,	1178.9069
1,	1180.9069
3,	1182.0630
1,	1182.9069
1,	1184.9069
1,	1186.9069
1,	1188.9069
1,	1190.9069
1,	1192.9069
4,	1193.0404
1,	1194.9069
1,	1196.9069
1,	1198.9064
1,	1200.9069
1,	1202.9069
3,	1204.8695
1,	1204.9069
1,	1206.8993
1,	1208.8812
1,	1210.8812
1,	1212.8812
4,	1214.4772
1,	1214.8812
2,	1216.8812
1,	1218.8812
2,	1220.8812
1,	1222.8812
1,	1224.8153
1,	1226.8153
1,	1228.8148
3,	1230.6950
1,	1230.7173
1,	1232.7173
1,	1234.7173
1,	1236.7173
1,	1238.7173
1,	1240.7173
1,	1242.7167
1,	1244.7166
1,	1246.7165
1,	1248.7173
1,	1250.7173
4,	1251.5395
2,	1252.7173
1,	1254.7173
1,	1256.7173
1,	1258.7173
2,	1260.7173
1,	1262.7173
1,	1264.7173
3,	1265.8799
1,	1266.7173
1,	1268.7173
1,	1270.7173
1,	1272.7173
1,	1274.7173
1,	1276.7173
1,	1278.7173
1,	1280.7173
4,	1281.7407
1,	1282.7173
2,	1284.7173
1,	1286.7173
1,	1288.7173
1,	1290.6382
3,	1292.1393
1,	1292.6382
1,	1294.6376
1,	1296.6382
1,	1298.6382
1,	1300.6382
1,	1302.6382
4,	1304.4874
1,	1304.6382
1,	1306.6382
2,	1308.6382
